ARIMA with param (3,1,0): The RMSE = 83.5374701319
ARIMA with param (4,1,0): The RMSE = 82.5961823866
ARIMA with param (5,1,0): The RMSE = 81.0677975809
ARIMA with param (6,1,0): The RMSE = 80.3960221396
ARIMA with param (7,1,0): The RMSE = 79.9281870981
ARIMA with param (8,1,0): The RMSE =  80.323086781
ARIMA with param (3,2,0): The RMSE = 105.644954281
ARIMA with param (4,2,0): The RMSE = 102.635705559
ARIMA with param (5,2,0): The RMSE = 98.8596672359


The predictions for the Key products for the days 119-146 with parameters (7,1,0):
	The Key Product is the number directly above the list of the 17 predictions. The predictions go from day to day in order with day 118 being the first in the list.

Key Product: 341 
5.7404 , 4.6191 , 4.9919 , 6.111 , 5.6458 , 4.9735 , 5.5151 , 5.7522 , 5.4684 , 5.4633 , 5.7577 , 5.7812 , 5.6621 , 5.7575 , 5.8766 , 5.8621 , 5.8661 , 5.9542 , 6.0096 , 6.0182 , 6.0598 , 6.1217 , 6.1575 , 6.1869 , 6.2349 , 6.2824 , 6.3181 , 6.3572 , 

Key Product: 125 
5.6263 , 5.8517 , 5.0936 , 7.0457 , 5.0365 , 4.8455 , 4.731 , 5.7292 , 5.6042 , 5.6724 , 5.5281 , 5.7947 , 5.5985 , 5.5915 , 5.5837 , 5.7575 , 5.7777 , 5.8151 , 5.8129 , 5.8724 , 5.8777 , 5.9044 , 5.928 , 5.9791 , 6.0104 , 6.0427 , 6.068 , 6.1024 , 

Key Product: 105 
25.669 , 25.4929 , 26.0523 , 27.1907 , 27.2896 , 27.3352 , 27.2415 , 27.3905 , 27.8346 , 28.2022 , 28.434 , 28.5647 , 28.7169 , 28.9577 , 29.2387 , 29.5008 , 29.7205 , 29.9204 , 30.134 , 30.3695 , 30.6129 , 30.848 , 31.0719 , 31.2929 , 31.5188 , 31.7502 , 31.9826 , 32.2122 , 

Key Product: 136 
9.0252 , 7.7599 , 8.2447 , 8.3333 , 8.9079 , 8.7477 , 8.5368 , 8.6635 , 8.8487 , 8.7745 , 8.8857 , 8.972 , 9.0848 , 9.1353 , 9.1898 , 9.263 , 9.3373 , 9.3908 , 9.4627 , 9.533 , 9.6052 , 9.6726 , 9.7411 , 9.8103 , 9.8793 , 9.9464 , 10.0152 , 10.0839 , 

Key Product: 716 
1.863 , 1.9549 , 1.5283 , 2.1139 , 1.5611 , 1.5662 , 1.7073 , 2.164 , 1.8231 , 1.8407 , 1.798 , 1.877 , 1.7748 , 1.8215 , 1.8549 , 1.9054 , 1.8518 , 1.8617 , 1.859 , 1.8711 , 1.8595 , 1.8755 , 1.8832 , 1.8906 , 1.8851 , 1.8906 , 1.893 , 1.8977 , 

Key Product: 138 
5.739 , 10.6924 , 10.7811 , 10.2177 , 9.1058 , 9.1298 , 8.7121 , 7.7121 , 8.0337 , 8.7082 , 8.9838 , 9.157 , 9.2447 , 9.3122 , 9.2566 , 9.1271 , 9.1339 , 9.2175 , 9.2961 , 9.3846 , 9.4741 , 9.5511 , 9.601 , 9.6322 , 9.6701 , 9.7159 , 9.7653 , 9.8206 , 

Key Product: 415 
2.7591 , 2.6625 , 2.9208 , 2.658 , 2.7086 , 2.6595 , 2.7075 , 2.8309 , 2.8129 , 2.8539 , 2.8837 , 2.8852 , 2.9104 , 2.9195 , 2.9494 , 2.9799 , 2.9997 , 3.0265 , 3.0488 , 3.0709 , 3.0937 , 3.115 , 3.1391 , 3.1625 , 3.1855 , 3.2091 , 3.232 , 3.2551 , 

Key Product: 511 
3.0138 , 4.1343 , 2.1933 , 0.4593 , 1.2092 , 1.4699 , 2.341 , 3.0154 , 2.2403 , 2.0821 , 1.4734 , 1.3041 , 1.7987 , 1.9727 , 2.1908 , 2.1046 , 1.7218 , 1.6295 , 1.5452 , 1.6485 , 1.8303 , 1.8244 , 1.7888 , 1.6657 , 1.5445 , 1.55 , 1.5688 , 1.6176 , 

Key Product: 82 
6.4603 , 7.5625 , 6.7195 , 6.3374 , 6.4422 , 6.3796 , 7.0306 , 6.6073 , 6.7378 , 6.8461 , 6.7796 , 6.8028 , 6.8646 , 6.8929 , 6.9498 , 6.9607 , 6.9914 , 7.027 , 7.0532 , 7.086 , 7.1208 , 7.1518 , 7.184 , 7.2144 , 7.2457 , 7.2776 , 7.3091 , 7.3409 , 

Key Product: 361 
7.8562 , 8.72 , 6.6284 , 6.1196 , 6.2649 , 6.5261 , 6.7959 , 7.1086 , 7.6088 , 7.3939 , 6.9727 , 6.8901 , 6.9952 , 7.1664 , 7.3049 , 7.471 , 7.5381 , 7.4504 , 7.3838 , 7.4098 , 7.4971 , 7.5901 , 7.6737 , 7.7397 , 7.7608 , 7.7601 , 7.7794 , 7.8289 , 

Key Product: 720 
2.238 , 4.2719 , 3.2852 , 3.5119 , 3.7222 , 3.0259 , 3.1511 , 2.9793 , 3.0408 , 3.5361 , 3.3769 , 3.4483 , 3.44 , 3.268 , 3.3514 , 3.3101 , 3.346 , 3.4677 , 3.4414 , 3.477 , 3.4723 , 3.4388 , 3.4738 , 3.4729 , 3.4969 , 3.5345 , 3.5375 , 3.558 , 

Key Product: 263 
3.5516 , 4.5686 , 3.6814 , 4.027 , 3.8692 , 3.5019 , 4.0631 , 3.981 , 4.1731 , 4.0947 , 4.1107 , 4.168 , 4.0967 , 4.1931 , 4.2258 , 4.2881 , 4.3173 , 4.3358 , 4.3778 , 4.3925 , 4.4296 , 4.4638 , 4.5016 , 4.5375 , 4.5672 , 4.6016 , 4.632 , 4.6646 , 

Key Product: 430 
5.8872 , 5.7893 , 4.4715 , 6.0571 , 6.4898 , 5.0906 , 5.5073 , 5.3897 , 6.0079 , 5.7743 , 5.3284 , 5.8285 , 5.882 , 5.7557 , 5.7142 , 5.6934 , 5.9497 , 5.8609 , 5.774 , 5.8808 , 5.9197 , 5.9503 , 5.909 , 5.9236 , 6.0113 , 6.0047 , 6.0029 , 6.0265 , 

Key Product: 50 
20.5129 , 23.6829 , 21.3114 , 19.3968 , 19.9783 , 20.7421 , 20.2049 , 20.6221 , 21.1362 , 20.984 , 20.6591 , 20.7391 , 21.024 , 21.0321 , 21.0747 , 21.1732 , 21.2333 , 21.2421 , 21.2905 , 21.3917 , 21.4527 , 21.503 , 21.5613 , 21.6252 , 21.6812 , 21.7374 , 21.8028 , 21.864 , 

Key Product: 45 
6.7205 , 7.5169 , 12.3689 , 15.3676 , 14.2471 , 12.2624 , 8.7368 , 8.8271 , 10.059 , 11.536 , 11.4112 , 10.1841 , 9.0244 , 8.4519 , 8.7765 , 9.1438 , 9.1378 , 8.5912 , 7.9339 , 7.5246 , 7.4152 , 7.4281 , 7.3022 , 6.9882 , 6.5807 , 6.2422 , 6.0256 , 5.8726 , 

Key Product: 475 
4.2652 , 4.6887 , 4.8142 , 4.2115 , 3.912 , 3.499 , 4.0265 , 4.1434 , 4.3632 , 4.4432 , 4.3558 , 4.3356 , 4.235 , 4.3473 , 4.3917 , 4.4814 , 4.5356 , 4.5504 , 4.578 , 4.5768 , 4.6227 , 4.6554 , 4.7035 , 4.7445 , 4.7767 , 4.8113 , 4.8372 , 4.8732 , 

Key Product: 122 
0.152 , 5.5238 , 0.5015 , 0.6402 , 1.283 , 1.6035 , 0.96 , 1.0719 , 2.8526 , 0.661 , 1.1764 , 1.1683 , 1.8141 , 1.0617 , 1.316 , 1.7729 , 1.0477 , 1.3005 , 1.2362 , 1.6213 , 1.1162 , 1.3582 , 1.4019 , 1.2435 , 1.2814 , 1.2761 , 1.4305 , 1.1785 , 

Key Product: 109 
15.7697 , 12.594 , 8.4639 , 10.2081 , 9.5696 , 9.2227 , 11.77 , 12.8705 , 11.4417 , 9.6731 , 10.4645 , 10.6957 , 10.8084 , 11.2538 , 11.7209 , 11.1504 , 10.5666 , 10.8288 , 11.1328 , 11.2048 , 11.2493 , 11.39 , 11.2213 , 11.0572 , 11.1531 , 11.3372 , 11.3764 , 11.3712 , 

Key Product: 538 
3.0963 , 3.2332 , 3.4207 , 1.8231 , 2.7519 , 2.3942 , 3.5447 , 3.354 , 2.9614 , 3.1387 , 2.5782 , 2.7847 , 2.7849 , 2.9252 , 3.0493 , 2.8874 , 2.9178 , 2.7785 , 2.7691 , 2.8017 , 2.8013 , 2.852 , 2.8107 , 2.7966 , 2.7637 , 2.7363 , 2.7427 , 2.7336 , 

Key Product: 672 
1.2131 , 1.1834 , 1.7493 , 0.7463 , 0.8894 , 0.8193 , 0.9534 , 1.2569 , 1.1998 , 1.1062 , 0.8718 , 0.9929 , 1.0438 , 1.1401 , 1.152 , 1.0799 , 1.0259 , 1.0224 , 1.0935 , 1.1195 , 1.1278 , 1.0999 , 1.0768 , 1.0809 , 1.1065 , 1.1301 , 1.1294 , 1.121 , 

Key Product: 39 
30.954 , 36.4124 , 37.9769 , 31.3302 , 32.767 , 34.3581 , 40.5532 , 36.3925 , 37.5918 , 37.7341 , 36.3376 , 37.2574 , 38.0875 , 39.081 , 38.8187 , 39.2279 , 39.3689 , 39.3437 , 39.8243 , 40.2461 , 40.6306 , 40.8684 , 41.1642 , 41.4062 , 41.6502 , 41.9906 , 42.3133 , 42.6242 , 

Key Product: 964 
3.674 , 2.4995 , 1.9494 , 2.9945 , 2.6133 , 2.2652 , 2.949 , 3.2826 , 2.8495 , 2.5556 , 2.8117 , 2.8276 , 2.7103 , 2.8798 , 3.0765 , 2.9855 , 2.8514 , 2.9 , 2.9462 , 2.9278 , 2.9768 , 3.0665 , 3.0694 , 3.0253 , 3.0318 , 3.0614 , 3.0727 , 3.0964 , 

Key Product: 121 
8.1333 , 6.6098 , 7.3864 , 7.4618 , 8.2765 , 8.0777 , 7.9395 , 7.7404 , 7.7811 , 8.0314 , 8.0932 , 8.1763 , 8.1148 , 8.1351 , 8.1688 , 8.2518 , 8.3164 , 8.346 , 8.3792 , 8.4061 , 8.4536 , 8.5005 , 8.5493 , 8.5886 , 8.6262 , 8.6668 , 8.7086 , 8.7526 , 

Key Product: 75 
3.1794 , 1.9385 , 2.7482 , 1.9451 , 1.845 , 2.3445 , 1.3291 , 1.0819 , 0.9603 , 0.4635 , 0.4578 , 0.1156 , 0.0 , 0.0 , 0.0 , 0.0 , 0.0 , 0.0 , 0.0 , 0.0 , 0.0 , 0.0 , 0.0 , 0.0 , 0.0 , 0.0 , 0.0 , 0.0 , 

Key Product: 107 
2.2748 , 1.5052 , 2.1426 , 1.8482 , 1.4047 , 1.537 , 1.6627 , 1.6511 , 1.4831 , 1.4783 , 1.4159 , 1.2619 , 1.1979 , 1.1819 , 1.1197 , 1.06 , 1.0131 , 0.9514 , 0.8757 , 0.8091 , 0.7505 , 0.6893 , 0.6288 , 0.5716 , 0.5117 , 0.4486 , 0.3861 , 0.3244 , 

Key Product: 499 
1.8378 , 1.2221 , 0.8314 , 0.6739 , 0.4914 , 0.3655 , 0.7347 , 0.8524 , 0.7104 , 0.5993 , 0.4694 , 0.3219 , 0.3043 , 0.3794 , 0.3805 , 0.3368 , 0.2765 , 0.1854 , 0.1051 , 0.0748 , 0.0628 , 0.0385 , 0.0043 , 0.0 , 0.0 , 0.0 , 0.0 , 0.0 , 

Key Product: 296 
19.058 , 17.5309 , 17.4769 , 15.977 , 11.5935 , 16.605 , 21.5029 , 19.0288 , 17.8243 , 18.1383 , 17.8162 , 15.7421 , 18.1267 , 20.2292 , 19.4452 , 18.6851 , 19.0746 , 19.0561 , 18.2016 , 19.3068 , 20.3036 , 20.1165 , 19.733 , 20.0639 , 20.1414 , 19.8605 , 20.3909 , 20.9292 , 

Key Product: 384 
3.0564 , 3.4445 , 3.3476 , 2.747 , 2.939 , 2.9548 , 3.1281 , 3.0664 , 3.1368 , 3.1228 , 3.0668 , 3.0811 , 3.1119 , 3.1488 , 3.1406 , 3.1539 , 3.1622 , 3.1673 , 3.1747 , 3.189 , 3.2036 , 3.2107 , 3.2196 , 3.2297 , 3.2399 , 3.2492 , 3.2597 , 3.2704 , 

Key Product: 139 
7.9378 , 8.646 , 7.0763 , 8.3653 , 7.9635 , 7.478 , 7.9702 , 7.6011 , 7.5933 , 7.6717 , 7.4494 , 7.484 , 7.4335 , 7.3295 , 7.3225 , 7.2462 , 7.1871 , 7.1493 , 7.0808 , 7.0311 , 6.9792 , 6.9194 , 6.8687 , 6.8132 , 6.7575 , 6.7047 , 6.6491 , 6.5947 , 

Key Product: 455 
2.2276 , 2.8038 , 2.2429 , 2.4184 , 2.346 , 2.3508 , 2.5339 , 2.3825 , 2.407 , 2.5083 , 2.4752 , 2.4999 , 2.5203 , 2.5202 , 2.5564 , 2.5663 , 2.575 , 2.6001 , 2.6135 , 2.6289 , 2.6473 , 2.6612 , 2.6787 , 2.6955 , 2.7107 , 2.7276 , 2.7439 , 2.7599 , 

Key Product: 330 
6.0476 , 5.4829 , 5.2445 , 4.9864 , 5.3326 , 5.8916 , 6.0221 , 5.9442 , 5.853 , 5.8497 , 5.8755 , 5.9516 , 6.061 , 6.1348 , 6.1637 , 6.1925 , 6.2323 , 6.2776 , 6.3289 , 6.3848 , 6.4369 , 6.4831 , 6.5282 , 6.5749 , 6.6227 , 6.6711 , 6.7201 , 6.7688 , 

Key Product: 515 
5.6411 , 4.2792 , 2.7601 , 2.6041 , 2.7547 , 3.4938 , 4.0122 , 4.2272 , 3.932 , 3.5703 , 3.3821 , 3.5226 , 3.7478 , 3.9523 , 4.0132 , 3.9631 , 3.8676 , 3.8379 , 3.8863 , 3.9837 , 4.0661 , 4.1086 , 4.1118 , 4.1062 , 4.1159 , 4.1517 , 4.2013 , 4.2487 , 

Key Product: 163 
1.6224 , 2.0409 , 1.754 , 1.2106 , 0.837 , 1.0867 , 0.8319 , 0.7868 , 0.744 , 0.496 , 0.2958 , 0.1488 , 0.0557 , 0.0 , 0.0 , 0.0 , 0.0 , 0.0 , 0.0 , 0.0 , 0.0 , 0.0 , 0.0 , 0.0 , 0.0 , 0.0 , 0.0 , 0.0 , 

Key Product: 87 
11.8937 , 10.6919 , 10.8787 , 11.6289 , 12.2565 , 11.8101 , 12.6051 , 13.2266 , 12.4764 , 12.4345 , 12.5791 , 12.7543 , 12.8247 , 12.9237 , 13.1367 , 13.2492 , 13.2279 , 13.3125 , 13.4119 , 13.506 , 13.589 , 13.6924 , 13.7991 , 13.8866 , 13.9632 , 14.0548 , 14.1456 , 14.2353 , 

Key Product: 77 
21.1955 , 20.4727 , 17.5655 , 16.5138 , 19.243 , 18.7296 , 20.475 , 19.568 , 19.4013 , 19.3085 , 19.439 , 20.1633 , 20.1683 , 20.3775 , 20.2722 , 20.3843 , 20.584 , 20.7554 , 20.968 , 21.0479 , 21.174 , 21.2841 , 21.4349 , 21.5954 , 21.7347 , 21.8749 , 21.9985 , 22.1359 , 

Key Product: 669 
1.4307 , 1.0424 , 1.445 , 1.0953 , 1.3663 , 1.0583 , 1.0826 , 1.0048 , 1.1597 , 1.0063 , 1.1462 , 1.0186 , 1.0905 , 0.9798 , 0.9898 , 0.9327 , 0.98 , 0.9136 , 0.953 , 0.8989 , 0.9118 , 0.8626 , 0.8593 , 0.8231 , 0.8296 , 0.7948 , 0.7978 , 0.7681 , 

Key Product: 307 
8.3351 , 7.9376 , 9.6893 , 7.3859 , 6.6505 , 7.1748 , 6.4826 , 7.4331 , 8.1848 , 7.7637 , 8.0738 , 7.8639 , 7.5127 , 7.8251 , 7.8432 , 7.934 , 8.2136 , 8.1488 , 8.1723 , 8.2485 , 8.1989 , 8.2966 , 8.3925 , 8.4235 , 8.5216 , 8.5672 , 8.5924 , 8.6621 , 

Key Product: 274 
7.8867 , 6.7936 , 6.2157 , 8.0193 , 4.2703 , 7.3108 , 5.5133 , 5.9806 , 6.8202 , 7.5437 , 5.8975 , 7.6297 , 6.5135 , 6.7648 , 6.7974 , 6.9949 , 6.5962 , 7.5622 , 6.9085 , 7.2567 , 7.2904 , 7.3301 , 7.1436 , 7.5607 , 7.2623 , 7.568 , 7.5635 , 7.6193 , 

Key Product: 11 
39.093 , 43.058 , 29.9401 , 25.7665 , 23.8497 , 20.64 , 17.0821 , 21.9677 , 30.3347 , 31.6331 , 28.9687 , 27.7167 , 26.6477 , 23.6749 , 21.6025 , 23.6961 , 26.748 , 27.5971 , 27.3685 , 27.4495 , 26.8747 , 25.1445 , 24.1009 , 24.7323 , 25.7371 , 26.1587 , 26.4356 , 26.7617 , 

Key Product: 167 
6.4649 , 11.6975 , 6.4419 , 8.2819 , 8.0854 , 6.1538 , 8.7522 , 7.6163 , 7.2638 , 8.8113 , 7.2994 , 8.0073 , 8.0781 , 7.3433 , 8.1848 , 7.8122 , 7.6809 , 8.1685 , 7.6963 , 7.936 , 7.9962 , 7.7419 , 8.0183 , 7.9025 , 7.8595 , 8.0228 , 7.8741 , 7.9542 , 

Key Product: 1 
47.8891 , 67.1104 , 65.2868 , 61.9787 , 53.8858 , 59.637 , 59.2271 , 57.2205 , 63.087 , 60.2297 , 60.1884 , 59.6521 , 60.001 , 59.8046 , 60.1075 , 61.0919 , 60.3332 , 60.7325 , 60.5923 , 60.5955 , 60.7342 , 60.8712 , 61.0597 , 61.0019 , 61.1784 , 61.1657 , 61.242 , 61.3488 , 

Key Product: 38 
12.786 , 17.7079 , 9.7387 , 14.1022 , 12.7508 , 11.9991 , 17.9038 , 14.4829 , 15.8723 , 14.4084 , 13.4518 , 15.3821 , 13.7846 , 15.4548 , 15.4085 , 15.0873 , 15.6929 , 14.6966 , 15.3979 , 15.2907 , 15.3091 , 15.8168 , 15.4994 , 15.8606 , 15.7292 , 15.7247 , 15.9686 , 15.8645 , 

Key Product: 24 
3.3286 , 4.3876 , 8.3117 , 7.4985 , 4.6833 , 2.8964 , 1.5099 , 0.267 , 0.395 , 0.9653 , 0.861 , 0.2159 , 0.0 , 0.0 , 0.0 , 0.0 , 0.0 , 0.0 , 0.0 , 0.0 , 0.0 , 0.0 , 0.0 , 0.0 , 0.0 , 0.0 , 0.0 , 0.0 , 

Key Product: 235 
16.6752 , 10.037 , 14.8992 , 13.8031 , 11.2286 , 14.5678 , 12.8975 , 13.253 , 14.5623 , 13.3357 , 13.9878 , 14.2214 , 13.7461 , 14.4086 , 14.3687 , 14.3466 , 14.7142 , 14.6155 , 14.7516 , 14.9484 , 14.948 , 15.1319 , 15.2453 , 15.3079 , 15.4629 , 15.5491 , 15.6514 , 15.7844 , 

Key Product: 276 
6.904 , 6.4078 , 4.8378 , 4.1844 , 4.4085 , 4.0312 , 5.6746 , 6.4146 , 5.9153 , 5.4214 , 4.9296 , 4.8889 , 4.8719 , 5.1347 , 5.5268 , 5.5801 , 5.4218 , 5.2139 , 5.1085 , 5.0992 , 5.153 , 5.2708 , 5.346 , 5.3301 , 5.2604 , 5.1971 , 5.1731 , 5.1815 , 

Key Product: 89 
5.5633 , 5.737 , 4.6562 , 4.7883 , 4.6008 , 4.5877 , 4.8703 , 5.0436 , 4.9873 , 4.9357 , 4.9696 , 5.006 , 5.0495 , 5.1004 , 5.1357 , 5.1564 , 5.1831 , 5.2174 , 5.2521 , 5.2858 , 5.3191 , 5.351 , 5.3824 , 5.4147 , 5.4476 , 5.4803 , 5.5128 , 5.5453 , 

Key Product: 13 
17.2469 , 16.8236 , 23.1907 , 23.6587 , 17.0829 , 18.4571 , 27.2522 , 17.9567 , 20.123 , 22.4386 , 21.0925 , 19.4991 , 20.825 , 22.7206 , 19.4419 , 20.9863 , 21.4947 , 20.6377 , 20.4783 , 21.049 , 21.2923 , 20.2827 , 21.0315 , 21.0182 , 20.6614 , 20.7607 , 20.9262 , 20.8866 , 

Key Product: 10 
31.9424 , 19.2704 , 19.4262 , 21.2105 , 29.6442 , 23.8771 , 26.0999 , 26.0108 , 23.294 , 24.8569 , 25.7173 , 27.8346 , 25.7487 , 25.8941 , 26.6548 , 26.4127 , 27.0846 , 27.2244 , 27.7628 , 27.339 , 27.5174 , 28.0748 , 28.1786 , 28.4356 , 28.5375 , 28.8231 , 28.9137 , 29.1138 , 

Key Product: 343 
5.6013 , 5.4955 , 6.2691 , 5.9471 , 5.7076 , 6.3922 , 6.2301 , 6.0602 , 6.3423 , 6.3401 , 6.2883 , 6.4547 , 6.5 , 6.4866 , 6.582 , 6.6379 , 6.6588 , 6.7291 , 6.7867 , 6.8224 , 6.8801 , 6.9358 , 6.9799 , 7.0334 , 7.0874 , 7.1354 , 7.1871 , 7.2399 , 

Key Product: 19 
9.2652 , 4.143 , 2.8859 , 5.636 , 6.5577 , 5.9024 , 5.1109 , 3.6752 , 2.9669 , 2.5137 , 2.356 , 2.0881 , 1.4248 , 0.7732 , 0.1319 , 0.0 , 0.0 , 0.0 , 0.0 , 0.0 , 0.0 , 0.0 , 0.0 , 0.0 , 0.0 , 0.0 , 0.0 , 0.0 , 

Key Product: 153 
10.3211 , 17.7607 , 15.1715 , 13.4319 , 14.3868 , 12.6289 , 9.3643 , 11.251 , 13.5301 , 13.197 , 13.8641 , 14.4233 , 13.3359 , 12.1462 , 12.3854 , 12.7921 , 12.8546 , 13.5037 , 13.932 , 13.6323 , 13.2863 , 13.1964 , 13.1229 , 13.1354 , 13.4483 , 13.7091 , 13.7331 , 13.7102 , 

Key Product: 962 
0.3493 , 0.5501 , 0.3157 , 0.2874 , 0.3195 , 0.2094 , 0.2303 , 0.2147 , 0.2091 , 0.1835 , 0.1424 , 0.1406 , 0.1075 , 0.0915 , 0.0738 , 0.0484 , 0.0325 , 0.0067 , 0.0 , 0.0 , 0.0 , 0.0 , 0.0 , 0.0 , 0.0 , 0.0 , 0.0 , 0.0 , 

Key Product: 829 
1.2018 , 0.69 , 0.8521 , 0.5908 , 0.7399 , 0.7147 , 0.7427 , 0.6696 , 0.6714 , 0.5905 , 0.6173 , 0.5772 , 0.5721 , 0.5432 , 0.5217 , 0.4929 , 0.4795 , 0.4513 , 0.4359 , 0.4108 , 0.3898 , 0.3675 , 0.3463 , 0.3238 , 0.3034 , 0.2805 , 0.2595 , 0.2374 , 

Key Product: 76 
18.3224 , 17.7957 , 18.6263 , 18.5976 , 18.5169 , 18.6995 , 19.0615 , 19.1136 , 19.243 , 19.4543 , 19.5948 , 19.736 , 19.9004 , 20.0637 , 20.2139 , 20.3702 , 20.53 , 20.6853 , 20.8411 , 20.9984 , 21.1551 , 21.3114 , 21.468 , 21.6248 , 21.7813 , 21.9378 , 22.0945 , 22.2511 , 

Key Product: 801 
2.4598 , 2.7324 , 2.1312 , 1.5326 , 1.676 , 2.1267 , 1.9183 , 2.0356 , 2.1369 , 2.1142 , 1.9014 , 1.7928 , 1.9175 , 2.0088 , 1.9658 , 1.9609 , 1.9707 , 1.9436 , 1.8852 , 1.8785 , 1.9214 , 1.9343 , 1.9125 , 1.9001 , 1.8967 , 1.8846 , 1.8696 , 1.8706 , 

Key Product: 596 
4.6004 , 5.3682 , 4.6151 , 4.4347 , 3.4704 , 3.4207 , 3.7772 , 4.1391 , 4.5825 , 4.578 , 4.4733 , 4.2664 , 4.1327 , 4.2054 , 4.3433 , 4.5154 , 4.6084 , 4.6161 , 4.583 , 4.5458 , 4.5597 , 4.6167 , 4.6941 , 4.7627 , 4.8029 , 4.8214 , 4.8314 , 4.8502 , 

Key Product: 216 
12.7167 , 17.752 , 17.0577 , 16.1269 , 14.0005 , 14.1021 , 15.2277 , 15.7838 , 14.6796 , 16.3378 , 16.3803 , 16.4235 , 16.0821 , 16.4402 , 16.5605 , 16.578 , 16.5073 , 16.9721 , 17.034 , 17.1636 , 17.2388 , 17.4687 , 17.5551 , 17.6519 , 17.7552 , 17.9463 , 18.0403 , 18.1722 , 

Key Product: 506 
4.9632 , 3.0317 , 3.7649 , 1.3234 , 4.0631 , 3.0018 , 5.1438 , 2.664 , 4.467 , 2.9102 , 3.6684 , 2.6012 , 3.9254 , 3.1238 , 4.0442 , 3.157 , 3.9016 , 3.0999 , 3.5982 , 3.0883 , 3.6653 , 3.2381 , 3.6807 , 3.2857 , 3.6124 , 3.2414 , 3.5084 , 3.2532 , 

Key Product: 610 
0.4194 , 0.2893 , 0.2626 , 0.3529 , 0.316 , 0.197 , 0.3133 , 0.3099 , 0.2873 , 0.3105 , 0.3136 , 0.29 , 0.3038 , 0.3169 , 0.3098 , 0.3155 , 0.3203 , 0.3177 , 0.3201 , 0.326 , 0.3269 , 0.329 , 0.3325 , 0.3341 , 0.3361 , 0.3393 , 0.3417 , 0.3438 , 

Key Product: 150 
22.7889 , 23.0114 , 19.8214 , 18.489 , 19.2452 , 18.328 , 20.496 , 22.2245 , 21.8486 , 21.5258 , 20.7943 , 20.7724 , 21.2044 , 21.5939 , 22.2527 , 22.5125 , 22.4344 , 22.389 , 22.3977 , 22.6219 , 22.9268 , 23.2019 , 23.4361 , 23.5571 , 23.6424 , 23.7643 , 23.9319 , 24.1463 , 

Key Product: 21 
27.405 , 30.6142 , 23.1186 , 25.4557 , 30.5163 , 30.2892 , 27.7331 , 28.0235 , 27.5268 , 29.2998 , 29.2481 , 28.8417 , 28.6917 , 28.912 , 29.1961 , 29.433 , 29.3229 , 29.381 , 29.4869 , 29.6503 , 29.7651 , 29.8322 , 29.8986 , 30.0075 , 30.1152 , 30.2203 , 30.3078 , 30.3976 , 

Key Product: 338 
12.9143 , 11.6014 , 9.8409 , 11.4769 , 12.2711 , 11.2121 , 10.5193 , 11.2111 , 12.2468 , 12.2155 , 11.6143 , 11.6564 , 12.1471 , 12.3765 , 12.1889 , 12.1385 , 12.4186 , 12.6706 , 12.6772 , 12.6343 , 12.7574 , 12.9563 , 13.0548 , 13.0788 , 13.1565 , 13.3012 , 13.4217 , 13.4877 , 

Key Product: 158 
19.5789 , 16.606 , 17.1823 , 17.002 , 14.0489 , 17.0324 , 19.0866 , 18.4231 , 16.8941 , 17.7543 , 17.6278 , 17.7205 , 18.3735 , 18.9676 , 18.4665 , 18.389 , 18.717 , 18.9658 , 19.0539 , 19.3416 , 19.4701 , 19.461 , 19.5747 , 19.8231 , 19.9823 , 20.1096 , 20.2648 , 20.3975 , 

Key Product: 237 
9.6332 , 12.827 , 14.2132 , 12.7156 , 11.783 , 11.5729 , 12.9198 , 12.6216 , 12.0326 , 13.001 , 13.3493 , 13.1741 , 13.1531 , 13.1835 , 13.4845 , 13.4518 , 13.3983 , 13.7015 , 13.8421 , 13.9007 , 14.0078 , 14.101 , 14.2417 , 14.3092 , 14.3761 , 14.5213 , 14.6261 , 14.7216 , 

Key Product: 52 
7.5169 , 6.5672 , 7.2201 , 7.2392 , 6.6478 , 5.7517 , 6.5727 , 6.7685 , 6.8109 , 6.6684 , 6.7343 , 6.6023 , 6.5126 , 6.4836 , 6.6169 , 6.6202 , 6.6105 , 6.5748 , 6.5646 , 6.5314 , 6.5249 , 6.5281 , 6.5403 , 6.5294 , 6.5184 , 6.5044 , 6.4953 , 6.4853 , 

Key Product: 238 
15.7249 , 13.5992 , 11.7543 , 15.0475 , 12.8276 , 14.2515 , 14.7512 , 13.4873 , 14.7693 , 14.1502 , 14.3463 , 14.9601 , 14.4959 , 14.9937 , 14.9772 , 14.9393 , 15.309 , 15.218 , 15.4231 , 15.5642 , 15.5704 , 15.7828 , 15.8368 , 15.9518 , 16.1014 , 16.1654 , 16.309 , 16.4114 , 

Key Product: 196 
7.5306 , 8.9484 , 8.359 , 6.0997 , 6.1551 , 5.8194 , 6.108 , 6.8241 , 7.9307 , 7.7715 , 7.1579 , 6.668 , 6.6256 , 6.6887 , 7.0934 , 7.5332 , 7.6796 , 7.4506 , 7.2174 , 7.1158 , 7.1745 , 7.3555 , 7.5937 , 7.7171 , 7.6827 , 7.5808 , 7.5265 , 7.5514 , 

Key Product: 922 
4.2622 , 4.3539 , 3.2901 , 2.6159 , 3.1376 , 3.543 , 4.0991 , 3.9053 , 3.6614 , 3.4484 , 3.495 , 3.7313 , 3.8855 , 3.9311 , 3.8485 , 3.7925 , 3.8098 , 3.8924 , 3.9792 , 4.0186 , 4.0212 , 4.0159 , 4.0354 , 4.0788 , 4.128 , 4.1653 , 4.1876 , 4.2053 , 

Key Product: 104 
15.4259 , 17.2021 , 15.3162 , 13.675 , 12.1107 , 11.5496 , 12.9016 , 14.3942 , 14.684 , 14.3961 , 14.019 , 13.7519 , 13.8972 , 14.3402 , 14.6818 , 14.8051 , 14.8131 , 14.8 , 14.8523 , 15.0035 , 15.1902 , 15.3431 , 15.4512 , 15.5351 , 15.6206 , 15.7274 , 15.8537 , 15.9827 , 

Key Product: 181 
8.9429 , 8.389 , 9.1786 , 8.9104 , 9.1833 , 8.9941 , 9.5523 , 9.4695 , 9.2694 , 9.3903 , 9.4666 , 9.5339 , 9.5704 , 9.6699 , 9.7225 , 9.7327 , 9.7827 , 9.8462 , 9.9032 , 9.9541 , 10.0107 , 10.0641 , 10.1106 , 10.1609 , 10.2154 , 10.2693 , 10.3217 , 10.3743 , 

Key Product: 865 
3.6047 , 3.3931 , 4.5573 , 2.8559 , 5.146 , 3.7246 , 3.1912 , 4.9081 , 3.679 , 4.245 , 4.3032 , 3.7505 , 4.6707 , 4.1073 , 4.1366 , 4.5632 , 4.1452 , 4.5118 , 4.434 , 4.3182 , 4.6455 , 4.4385 , 4.5484 , 4.6521 , 4.5393 , 4.7186 , 4.675 , 4.6884 , 

Key Product: 6 
3.1308 , 2.5549 , 4.5874 , 1.6919 , 0.0 , 0.0 , 1.9512 , 1.3065 , 0.0 , 0.0 , 0.0 , 0.0 , 0.0 , 0.0 , 0.0 , 0.0 , 0.0 , 0.0 , 0.0 , 0.0 , 0.0 , 0.0 , 0.0 , 0.0 , 0.0 , 0.0 , 0.0 , 0.0 , 

Key Product: 290 
4.1079 , 3.529 , 3.9318 , 3.6409 , 3.3496 , 3.5027 , 3.3399 , 3.445 , 3.4857 , 3.3875 , 3.386 , 3.3227 , 3.2891 , 3.2871 , 3.2541 , 3.2392 , 3.2127 , 3.1788 , 3.1551 , 3.1268 , 3.1022 , 3.0786 , 3.0518 , 3.0264 , 3.0 , 2.9736 , 2.9481 , 2.9222 , 

Key Product: 431 
5.8874 , 6.6003 , 6.0135 , 4.5045 , 4.3644 , 4.3173 , 4.5956 , 5.2746 , 5.3706 , 5.3782 , 5.2581 , 5.0134 , 4.9883 , 5.0406 , 5.129 , 5.2593 , 5.299 , 5.2981 , 5.284 , 5.2598 , 5.2721 , 5.3052 , 5.3422 , 5.3808 , 5.4041 , 5.4177 , 5.43 , 5.4431 , 

Key Product: 848 
6.0543 , 4.8165 , 4.621 , 4.7429 , 4.2934 , 4.9405 , 4.8954 , 4.9546 , 5.0346 , 4.9157 , 5.0036 , 5.0258 , 5.0919 , 5.1665 , 5.1862 , 5.2286 , 5.256 , 5.2937 , 5.3413 , 5.3825 , 5.4269 , 5.4658 , 5.5042 , 5.5442 , 5.5842 , 5.6258 , 5.6668 , 5.7073 , 

Key Product: 22 
24.174 , 25.8529 , 32.0396 , 28.9309 , 23.8667 , 24.1295 , 27.3212 , 27.9294 , 27.0604 , 28.2976 , 29.4108 , 28.4741 , 27.6694 , 28.3108 , 29.1574 , 29.2377 , 29.324 , 29.8719 , 30.1686 , 30.0576 , 30.1363 , 30.5294 , 30.8521 , 31.0127 , 31.2441 , 31.5502 , 31.7576 , 31.902 , 

Key Product: 129 
23.2625 , 18.2273 , 15.7977 , 20.3951 , 18.1983 , 19.2806 , 19.5002 , 21.1819 , 20.1077 , 20.0859 , 20.017 , 20.6875 , 20.6437 , 20.9424 , 21.0552 , 21.3176 , 21.3488 , 21.5318 , 21.6809 , 21.8976 , 22.0382 , 22.2165 , 22.3695 , 22.5422 , 22.6946 , 22.8645 , 23.0276 , 23.197 , 

Key Product: 661 
4.5312 , 6.0715 , 5.7734 , 5.2312 , 4.2432 , 4.7051 , 4.6503 , 5.2507 , 5.3461 , 5.4674 , 5.1909 , 5.2222 , 5.1202 , 5.2989 , 5.3731 , 5.5121 , 5.4985 , 5.5409 , 5.5105 , 5.5664 , 5.6013 , 5.6817 , 5.7204 , 5.7744 , 5.7947 , 5.8352 , 5.8661 , 5.9164 , 

Key Product: 650 
6.561 , 6.1513 , 3.765 , 5.7797 , 5.6806 , 4.3872 , 5.847 , 5.9233 , 5.1908 , 5.2956 , 5.9563 , 5.4138 , 5.5631 , 6.0155 , 5.7015 , 5.6718 , 5.9324 , 5.9505 , 5.8354 , 6.0646 , 6.0818 , 6.0047 , 6.1348 , 6.2092 , 6.1924 , 6.2519 , 6.3432 , 6.3329 , 

Key Product: 57 
31.1764 , 31.672 , 26.9962 , 23.9074 , 23.6628 , 25.3776 , 28.3135 , 29.4326 , 29.0923 , 28.03 , 27.1761 , 27.4751 , 28.3447 , 29.2699 , 29.7528 , 29.6824 , 29.4942 , 29.462 , 29.7396 , 30.2104 , 30.6308 , 30.8995 , 31.0197 , 31.1112 , 31.28 , 31.5391 , 31.8453 , 32.1279 , 

Key Product: 333 
1.7781 , 2.9424 , 4.345 , 3.7407 , 3.9495 , 2.6953 , 2.4713 , 2.577 , 3.0777 , 3.4552 , 3.701 , 3.4074 , 3.1729 , 2.949 , 2.9852 , 3.1725 , 3.3835 , 3.4541 , 3.4189 , 3.2923 , 3.214 , 3.2173 , 3.2962 , 3.3876 , 3.4419 , 3.4344 , 3.3976 , 3.3661 , 

Key Product: 43 
33.3666 , 31.348 , 26.975 , 31.1082 , 32.2289 , 29.6346 , 29.4209 , 30.8128 , 32.4277 , 31.7448 , 31.1001 , 32.1192 , 32.742 , 32.6538 , 32.5288 , 32.9967 , 33.6038 , 33.6752 , 33.7316 , 34.0828 , 34.4742 , 34.6903 , 34.8302 , 35.1197 , 35.4558 , 35.6921 , 35.898 , 36.1598 , 

Key Product: 5 
17.1204 , 18.9478 , 10.9463 , 14.1308 , 8.0451 , 12.5019 , 7.8367 , 11.4821 , 8.4897 , 9.7607 , 6.5185 , 7.2045 , 4.4023 , 5.1137 , 2.8253 , 3.4364 , 1.7583 , 1.8774 , 0.2467 , 0.0495 , 0.0 , 0.0 , 0.0 , 0.0 , 0.0 , 0.0 , 0.0 , 0.0 , 

Key Product: 84 
6.9968 , 10.1262 , 9.2186 , 8.1957 , 7.6174 , 8.3545 , 8.7523 , 8.5559 , 8.7462 , 8.9402 , 9.0269 , 8.8519 , 8.8777 , 9.0271 , 9.1453 , 9.1992 , 9.26 , 9.3516 , 9.4077 , 9.4503 , 9.5082 , 9.589 , 9.6644 , 9.7295 , 9.7956 , 9.8637 , 9.9296 , 9.9929 , 

Key Product: 442 
9.7054 , 9.0127 , 8.4678 , 8.026 , 8.3805 , 9.0334 , 9.5382 , 9.6098 , 9.3824 , 9.1699 , 9.1316 , 9.2911 , 9.5488 , 9.7495 , 9.8245 , 9.81 , 9.7897 , 9.8271 , 9.93 , 10.0611 , 10.1747 , 10.2493 , 10.2955 , 10.3396 , 10.4019 , 10.4849 , 10.5769 , 10.6633 , 

Key Product: 15 
25.8468 , 28.8585 , 25.7766 , 22.5832 , 22.2877 , 21.9318 , 23.1151 , 23.597 , 23.4485 , 22.366 , 21.6419 , 21.3303 , 21.2588 , 21.3387 , 21.1999 , 20.8438 , 20.3896 , 20.0426 , 19.7945 , 19.6106 , 19.4186 , 19.1609 , 18.8565 , 18.5503 , 18.2742 , 18.0234 , 17.7821 , 17.5301 , 

Key Product: 25 
9.7502 , 8.9811 , 8.424 , 11.6815 , 9.0654 , 10.5462 , 8.646 , 10.5133 , 9.4772 , 10.3416 , 9.4969 , 10.7712 , 9.9365 , 10.7045 , 10.1133 , 10.8163 , 10.3444 , 10.8806 , 10.5185 , 11.0276 , 10.7487 , 11.1414 , 10.9389 , 11.2826 , 11.1265 , 11.4125 , 11.3033 , 11.5554 , 

Key Product: 170 
4.0922 , 4.5889 , 2.6153 , 3.7285 , 3.4433 , 2.2452 , 2.9479 , 3.7434 , 3.3575 , 3.2867 , 3.4986 , 3.2509 , 3.1932 , 3.4747 , 3.5327 , 3.4606 , 3.522 , 3.5376 , 3.5012 , 3.5607 , 3.6335 , 3.6418 , 3.6598 , 3.6943 , 3.7082 , 3.7301 , 3.7708 , 3.8007 , 

Key Product: 88 
21.251 , 24.8803 , 22.6962 , 19.1921 , 20.5335 , 21.3115 , 22.5 , 23.7392 , 23.8884 , 23.5602 , 22.9689 , 22.6152 , 22.7876 , 23.2254 , 23.7848 , 24.2133 , 24.3552 , 24.3196 , 24.2438 , 24.252 , 24.4104 , 24.6739 , 24.956 , 25.1831 , 25.3269 , 25.4128 , 25.4905 , 25.6016 , 

Key Product: 378 
2.8514 , 2.7977 , 3.062 , 1.7633 , 1.6456 , 1.7151 , 2.4346 , 2.6622 , 2.4389 , 2.0807 , 1.9984 , 2.1839 , 2.4376 , 2.5081 , 2.3802 , 2.2587 , 2.2654 , 2.3766 , 2.48 , 2.4941 , 2.4419 , 2.4098 , 2.4378 , 2.4996 , 2.5453 , 2.551 , 2.5374 , 2.5393 , 

Key Product: 4 
24.5646 , 25.7013 , 21.3752 , 24.8254 , 16.4557 , 23.954 , 25.0348 , 24.1614 , 24.1574 , 22.6124 , 23.0557 , 22.2825 , 26.1755 , 24.482 , 24.9201 , 24.269 , 24.142 , 24.7436 , 25.3769 , 26.2515 , 25.2865 , 25.8118 , 25.4042 , 25.9763 , 26.3783 , 26.734 , 26.7545 , 26.5788 , 

Key Product: 47 
9.8052 , 13.6607 , 11.5482 , 12.2968 , 12.2952 , 14.7172 , 16.9797 , 12.8503 , 14.7608 , 13.89 , 14.3976 , 14.3685 , 14.8347 , 15.2047 , 14.5543 , 15.1558 , 14.9387 , 15.1999 , 15.2287 , 15.3989 , 15.5256 , 15.4933 , 15.7091 , 15.7193 , 15.8697 , 15.9399 , 16.0558 , 16.1536 , 

Key Product: 18 
4.198 , 4.2536 , 3.4165 , 2.8344 , 2.5891 , 2.3134 , 1.8822 , 1.5816 , 1.0712 , 0.6644 , 0.1985 , 0.0 , 0.0 , 0.0 , 0.0 , 0.0 , 0.0 , 0.0 , 0.0 , 0.0 , 0.0 , 0.0 , 0.0 , 0.0 , 0.0 , 0.0 , 0.0 , 0.0 , 

Key Product: 278 
4.3721 , 5.0415 , 4.0371 , 3.0728 , 3.9521 , 4.6396 , 4.279 , 4.7551 , 4.5909 , 4.0183 , 4.3173 , 4.5053 , 4.3778 , 4.6603 , 4.6982 , 4.4694 , 4.5906 , 4.6542 , 4.5882 , 4.7357 , 4.796 , 4.7251 , 4.7957 , 4.8344 , 4.8089 , 4.8867 , 4.936 , 4.926 , 

Key Product: 486 
11.1832 , 9.8682 , 9.2719 , 10.0058 , 9.5039 , 8.9984 , 9.2 , 9.0939 , 9.9008 , 9.9063 , 9.915 , 10.0353 , 9.9304 , 9.9157 , 10.0705 , 10.17 , 10.3304 , 10.4207 , 10.4765 , 10.5372 , 10.5855 , 10.657 , 10.7546 , 10.8447 , 10.9356 , 11.0158 , 11.0873 , 11.1602 , 

Key Product: 223 
6.6545 , 5.3222 , 5.3974 , 5.5988 , 4.8458 , 5.2704 , 4.6813 , 4.7299 , 5.2487 , 4.8704 , 5.0429 , 5.0395 , 4.8185 , 4.9086 , 4.7037 , 4.7013 , 4.7721 , 4.6511 , 4.7049 , 4.6692 , 4.5984 , 4.6009 , 4.5159 , 4.4935 , 4.4765 , 4.421 , 4.4161 , 4.3793 , 

Key Product: 73 
3.9998 , 4.7253 , 3.6824 , 4.0564 , 4.59 , 3.8222 , 4.4857 , 4.0477 , 4.1761 , 4.2914 , 4.007 , 4.3042 , 4.0859 , 4.1685 , 4.1916 , 4.0827 , 4.2031 , 4.0978 , 4.1439 , 4.1394 , 4.0976 , 4.144 , 4.0936 , 4.1156 , 4.1057 , 4.0886 , 4.1043 , 4.0793 , 

Key Product: 949 
1.4563 , 0.9994 , 0.915 , 0.7542 , 0.4654 , 0.5561 , 0.786 , 0.8336 , 0.78 , 0.7322 , 0.6387 , 0.5669 , 0.5883 , 0.6265 , 0.6293 , 0.6137 , 0.5834 , 0.5417 , 0.5143 , 0.5079 , 0.5046 , 0.4955 , 0.4807 , 0.4593 , 0.4359 , 0.4171 , 0.4033 , 0.3905 , 

Key Product: 372 
4.8426 , 5.5488 , 5.7705 , 4.1069 , 3.3738 , 3.9396 , 3.4405 , 4.3359 , 4.654 , 4.724 , 4.804 , 4.6375 , 4.3041 , 4.4857 , 4.396 , 4.5742 , 4.7282 , 4.7944 , 4.8098 , 4.8507 , 4.7712 , 4.8295 , 4.8433 , 4.9013 , 4.9647 , 5.0235 , 5.0451 , 5.0919 , 

Key Product: 156 
2.4565 , 2.9755 , 2.4687 , 2.6232 , 1.8496 , 1.9436 , 1.7815 , 1.8935 , 1.7325 , 1.9464 , 1.8663 , 1.951 , 1.7957 , 1.8288 , 1.7129 , 1.6913 , 1.5907 , 1.5993 , 1.5318 , 1.5294 , 1.472 , 1.4659 , 1.4113 , 1.3862 , 1.3323 , 1.305 , 1.2539 , 1.2233 , 
