

 Key Product: 1
0.0 ,0.0 ,0.0 ,0.0 ,0.0 ,0.0 ,0.0 ,0.0 ,0.0 ,0.0 ,0.0 ,0.0 ,0.0 ,0.0 ,0.0 ,0.0 ,0.0 ,0.0 ,0.0 ,0.0 ,0.0 ,0.0 ,0.0 ,0.0 ,0.0 ,0.0 ,0.0 ,

 Key Product: 4
0.0 ,0.0 ,0.0 ,0.0 ,0.0 ,0.0 ,0.0 ,0.0 ,0.0 ,0.0 ,0.0 ,0.0 ,0.0 ,0.0 ,0.0 ,0.0 ,0.0 ,0.0 ,0.0 ,0.0 ,0.0 ,0.0 ,0.0 ,0.0 ,0.0 ,0.0 ,0.0 ,

 Key Product: 5
0.0 ,0.0 ,0.0 ,0.0 ,0.0 ,0.0 ,0.0 ,0.0 ,0.0 ,0.0 ,0.0 ,0.0 ,0.0 ,0.0 ,0.0 ,0.0 ,0.0 ,0.0 ,0.0 ,0.0 ,0.0 ,0.0 ,0.0 ,0.0 ,0.0 ,0.0 ,0.0 ,

 Key Product: 6
0.0 ,0.0 ,0.0 ,0.0 ,0.0 ,0.0 ,0.0 ,0.0 ,0.0 ,0.0 ,0.0 ,0.0 ,0.0 ,0.0 ,0.0 ,0.0 ,0.0 ,0.0 ,0.0 ,0.0 ,0.0 ,0.0 ,0.0 ,0.0 ,0.0 ,0.0 ,0.0 ,

 Key Product: 10
0.0 ,0.0 ,0.0 ,0.0 ,0.0 ,0.0 ,0.0 ,0.0 ,0.0 ,0.0 ,0.0 ,0.0 ,0.0 ,0.0 ,0.0 ,0.0 ,0.0 ,0.0 ,0.0 ,0.0 ,0.0 ,0.0 ,0.0 ,0.0 ,0.0 ,0.0 ,0.0 ,

 Key Product: 11
22.5156 ,20.8687 ,19.194 ,17.4913 ,15.7607 ,14.0022 ,12.2158 ,10.4015 ,8.5593 ,6.6892 ,4.7912 ,2.8653 ,0.9114 ,0.0 ,0.0 ,0.0 ,0.0 ,0.0 ,0.0 ,0.0 ,0.0 ,0.0 ,0.0 ,0.0 ,0.0 ,0.0 ,0.0 ,

 Key Product: 13
0.0 ,0.0 ,0.0 ,0.0 ,0.0 ,0.0 ,0.0 ,0.0 ,0.0 ,0.0 ,0.0 ,0.0 ,0.0 ,0.0 ,0.0 ,0.0 ,0.0 ,0.0 ,0.0 ,0.0 ,0.0 ,0.0 ,0.0 ,0.0 ,0.0 ,0.0 ,0.0 ,

 Key Product: 15
29.8803 ,29.943 ,30.0146 ,30.095 ,30.1843 ,30.2824 ,30.3894 ,30.5052 ,30.6298 ,30.7633 ,30.9056 ,31.0567 ,31.2167 ,31.3856 ,31.5632 ,31.7497 ,31.9451 ,32.1493 ,32.3623 ,32.5842 ,32.8149 ,33.0545 ,33.3028 ,33.5601 ,33.8261 ,34.1011 ,34.3848 ,

 Key Product: 18
0.0 ,0.0 ,0.0 ,0.0 ,0.0 ,0.0 ,0.0 ,0.0 ,0.0 ,0.0 ,0.0 ,0.0 ,0.0 ,0.0 ,0.0 ,0.0 ,0.0 ,0.0 ,0.0 ,0.0 ,0.0 ,0.0 ,0.0 ,0.0 ,0.0 ,0.0 ,0.0 ,

 Key Product: 19
0.0 ,0.0 ,0.0 ,0.0 ,0.0 ,0.0 ,0.0 ,0.0 ,0.0 ,0.0 ,0.0 ,0.0 ,0.0 ,0.0 ,0.0 ,0.0 ,0.0 ,0.0 ,0.0 ,0.0 ,0.0 ,0.0 ,0.0 ,0.0 ,0.0 ,0.0 ,0.0 ,

 Key Product: 21
20.5381 ,19.3401 ,18.1193 ,16.8758 ,15.6095 ,14.3205 ,13.0088 ,11.6743 ,10.317 ,8.9371 ,7.5343 ,6.1089 ,4.6607 ,3.1897 ,1.696 ,0.1796 ,0.0 ,0.0 ,0.0 ,0.0 ,0.0 ,0.0 ,0.0 ,0.0 ,0.0 ,0.0 ,0.0 ,

 Key Product: 22
20.4018 ,18.7214 ,17.006 ,15.2556 ,13.4702 ,11.6499 ,9.7946 ,7.9043 ,5.979 ,4.0188 ,2.0235 ,0.0 ,0.0 ,0.0 ,0.0 ,0.0 ,0.0 ,0.0 ,0.0 ,0.0 ,0.0 ,0.0 ,0.0 ,0.0 ,0.0 ,0.0 ,0.0 ,

 Key Product: 24
5.501 ,4.9883 ,4.477 ,3.9674 ,3.4593 ,2.9527 ,2.4476 ,1.9442 ,1.4422 ,0.9418 ,0.4429 ,0.0 ,0.0 ,0.0 ,0.0 ,0.0 ,0.0 ,0.0 ,0.0 ,0.0 ,0.0 ,0.0 ,0.0 ,0.0 ,0.0 ,0.0 ,0.0 ,

 Key Product: 25
0.0 ,0.0 ,0.0 ,0.0 ,0.0 ,0.0 ,0.0 ,0.0 ,0.0 ,0.0 ,0.0 ,0.0 ,0.0 ,0.0 ,0.0 ,0.0 ,0.0 ,0.0 ,0.0 ,0.0 ,0.0 ,0.0 ,0.0 ,0.0 ,0.0 ,0.0 ,0.0 ,

 Key Product: 38
18.9442 ,18.054 ,17.1453 ,16.2182 ,15.2727 ,14.3087 ,13.3262 ,12.3253 ,11.306 ,10.2683 ,9.2121 ,8.1374 ,7.0444 ,5.9328 ,4.8029 ,3.6545 ,2.4876 ,1.3023 ,0.0986 ,0.0 ,0.0 ,0.0 ,0.0 ,0.0 ,0.0 ,0.0 ,0.0 ,

 Key Product: 39
34.4867 ,34.2361 ,33.974 ,33.7005 ,33.4155 ,33.1191 ,32.8112 ,32.4918 ,32.1609 ,31.8186 ,31.4649 ,31.0996 ,30.7229 ,30.3348 ,29.9352 ,29.5241 ,29.1015 ,28.6675 ,28.2221 ,27.7651 ,27.2967 ,26.8169 ,26.3256 ,25.8228 ,25.3085 ,24.7828 ,24.2456 ,

 Key Product: 43
32.8731 ,32.7467 ,32.6125 ,32.4705 ,32.3207 ,32.1632 ,31.9979 ,31.8249 ,31.6441 ,31.4555 ,31.2591 ,31.055 ,30.8432 ,30.6235 ,30.3961 ,30.161 ,29.918 ,29.6673 ,29.4089 ,29.1426 ,28.8686 ,28.5869 ,28.2974 ,28.0001 ,27.695 ,27.3822 ,27.0616 ,

 Key Product: 45
1.305 ,0.7265 ,0.1439 ,0.0 ,0.0 ,0.0 ,0.0 ,0.0 ,0.0 ,0.0 ,0.0 ,0.0 ,0.0 ,0.0 ,0.0 ,0.0 ,0.0 ,0.0 ,0.0 ,0.0 ,0.0 ,0.0 ,0.0 ,0.0 ,0.0 ,0.0 ,0.0 ,

 Key Product: 47
0.0 ,0.0 ,0.0 ,0.0 ,0.0 ,0.0 ,0.0 ,0.0 ,0.0 ,0.0 ,0.0 ,0.0 ,0.0 ,0.0 ,0.0 ,0.0 ,0.0 ,0.0 ,0.0 ,0.0 ,0.0 ,0.0 ,0.0 ,0.0 ,0.0 ,0.0 ,0.0 ,

 Key Product: 50
36.7326 ,37.043 ,37.3547 ,37.6678 ,37.9822 ,38.2979 ,38.6149 ,38.9333 ,39.253 ,39.574 ,39.8964 ,40.2201 ,40.5451 ,40.8714 ,41.1991 ,41.5281 ,41.8584 ,42.1901 ,42.5231 ,42.8574 ,43.193 ,43.53 ,43.8683 ,44.2079 ,44.5488 ,44.8911 ,45.2347 ,

 Key Product: 52
0.0 ,0.0 ,0.0 ,0.0 ,0.0 ,0.0 ,0.0 ,0.0 ,0.0 ,0.0 ,0.0 ,0.0 ,0.0 ,0.0 ,0.0 ,0.0 ,0.0 ,0.0 ,0.0 ,0.0 ,0.0 ,0.0 ,0.0 ,0.0 ,0.0 ,0.0 ,0.0 ,

 Key Product: 57
27.5829 ,27.5667 ,27.5457 ,27.52 ,27.4896 ,27.4544 ,27.4145 ,27.3699 ,27.3206 ,27.2665 ,27.2077 ,27.1442 ,27.0759 ,27.0029 ,26.9252 ,26.8428 ,26.7556 ,26.6637 ,26.5671 ,26.4658 ,26.3597 ,26.2489 ,26.1334 ,26.0131 ,25.8881 ,25.7584 ,25.624 ,

 Key Product: 73
0.0 ,0.0 ,0.0 ,0.0 ,0.0 ,0.0 ,0.0 ,0.0 ,0.0 ,0.0 ,0.0 ,0.0 ,0.0 ,0.0 ,0.0 ,0.0 ,0.0 ,0.0 ,0.0 ,0.0 ,0.0 ,0.0 ,0.0 ,0.0 ,0.0 ,0.0 ,0.0 ,

 Key Product: 75
0.304 ,0.0 ,0.0 ,0.0 ,0.0 ,0.0 ,0.0 ,0.0 ,0.0 ,0.0 ,0.0 ,0.0 ,0.0 ,0.0 ,0.0 ,0.0 ,0.0 ,0.0 ,0.0 ,0.0 ,0.0 ,0.0 ,0.0 ,0.0 ,0.0 ,0.0 ,0.0 ,

 Key Product: 76
16.2469 ,15.7829 ,15.3067 ,14.8183 ,14.3177 ,13.8049 ,13.2799 ,12.7428 ,12.1934 ,11.6318 ,11.058 ,10.472 ,9.8739 ,9.2635 ,8.6409 ,8.0062 ,7.3592 ,6.7001 ,6.0287 ,5.3452 ,4.6494 ,3.9415 ,3.2213 ,2.489 ,1.7444 ,0.9877 ,0.2188 ,

 Key Product: 77
19.9132 ,19.6005 ,19.279 ,18.9486 ,18.6095 ,18.2615 ,17.9048 ,17.5391 ,17.1647 ,16.7815 ,16.3894 ,15.9885 ,15.5788 ,15.1603 ,14.733 ,14.2968 ,13.8519 ,13.3981 ,12.9354 ,12.464 ,11.9838 ,11.4947 ,10.9968 ,10.4901 ,9.9745 ,9.4502 ,8.917 ,

 Key Product: 82
5.9499 ,5.3226 ,4.6842 ,4.0345 ,3.3737 ,2.7018 ,2.0186 ,1.3243 ,0.6187 ,0.0 ,0.0 ,0.0 ,0.0 ,0.0 ,0.0 ,0.0 ,0.0 ,0.0 ,0.0 ,0.0 ,0.0 ,0.0 ,0.0 ,0.0 ,0.0 ,0.0 ,0.0 ,

 Key Product: 84
0.0 ,0.0 ,0.0 ,0.0 ,0.0 ,0.0 ,0.0 ,0.0 ,0.0 ,0.0 ,0.0 ,0.0 ,0.0 ,0.0 ,0.0 ,0.0 ,0.0 ,0.0 ,0.0 ,0.0 ,0.0 ,0.0 ,0.0 ,0.0 ,0.0 ,0.0 ,0.0 ,

 Key Product: 87
8.2869 ,7.6282 ,6.9563 ,6.2713 ,5.5731 ,4.8618 ,4.1373 ,3.3996 ,2.6487 ,1.8847 ,1.1075 ,0.3171 ,0.0 ,0.0 ,0.0 ,0.0 ,0.0 ,0.0 ,0.0 ,0.0 ,0.0 ,0.0 ,0.0 ,0.0 ,0.0 ,0.0 ,0.0 ,

 Key Product: 88
18.2888 ,18.1812 ,18.0692 ,17.9528 ,17.832 ,17.7068 ,17.5773 ,17.4433 ,17.305 ,17.1623 ,17.0152 ,16.8637 ,16.7079 ,16.5476 ,16.383 ,16.214 ,16.0406 ,15.8628 ,15.6806 ,15.494 ,15.3031 ,15.1078 ,14.908 ,14.7039 ,14.4955 ,14.2826 ,14.0653 ,

 Key Product: 89
0.0 ,0.0 ,0.0 ,0.0 ,0.0 ,0.0 ,0.0 ,0.0 ,0.0 ,0.0 ,0.0 ,0.0 ,0.0 ,0.0 ,0.0 ,0.0 ,0.0 ,0.0 ,0.0 ,0.0 ,0.0 ,0.0 ,0.0 ,0.0 ,0.0 ,0.0 ,0.0 ,

 Key Product: 104
20.5214 ,20.3953 ,20.263 ,20.1246 ,19.9801 ,19.8294 ,19.6726 ,19.5096 ,19.3405 ,19.1652 ,18.9838 ,18.7962 ,18.6025 ,18.4027 ,18.1967 ,17.9845 ,17.7662 ,17.5418 ,17.3112 ,17.0745 ,16.8316 ,16.5826 ,16.3274 ,16.0661 ,15.7987 ,15.5251 ,15.2453 ,

 Key Product: 105
22.1743 ,22.2276 ,22.2783 ,22.3263 ,22.3716 ,22.4142 ,22.4542 ,22.4914 ,22.5259 ,22.5577 ,22.5868 ,22.6132 ,22.637 ,22.658 ,22.6763 ,22.692 ,22.7049 ,22.7151 ,22.7227 ,22.7275 ,22.7297 ,22.7291 ,22.7259 ,22.7199 ,22.7113 ,22.7 ,22.6859 ,

 Key Product: 107
0.0 ,0.0 ,0.0 ,0.0 ,0.0 ,0.0 ,0.0 ,0.0 ,0.0 ,0.0 ,0.0 ,0.0 ,0.0 ,0.0 ,0.0 ,0.0 ,0.0 ,0.0 ,0.0 ,0.0 ,0.0 ,0.0 ,0.0 ,0.0 ,0.0 ,0.0 ,0.0 ,

 Key Product: 109
3.7402 ,3.128 ,2.505 ,1.8709 ,1.226 ,0.5701 ,0.0 ,0.0 ,0.0 ,0.0 ,0.0 ,0.0 ,0.0 ,0.0 ,0.0 ,0.0 ,0.0 ,0.0 ,0.0 ,0.0 ,0.0 ,0.0 ,0.0 ,0.0 ,0.0 ,0.0 ,0.0 ,

 Key Product: 121
3.7966 ,3.1507 ,2.4929 ,1.8231 ,1.1414 ,0.4477 ,0.0 ,0.0 ,0.0 ,0.0 ,0.0 ,0.0 ,0.0 ,0.0 ,0.0 ,0.0 ,0.0 ,0.0 ,0.0 ,0.0 ,0.0 ,0.0 ,0.0 ,0.0 ,0.0 ,0.0 ,0.0 ,

 Key Product: 122
0.0 ,0.0 ,0.0 ,0.0 ,0.0 ,0.0 ,0.0 ,0.0 ,0.0 ,0.0 ,0.0 ,0.0 ,0.0 ,0.0 ,0.0 ,0.0 ,0.0 ,0.0 ,0.0 ,0.0 ,0.0 ,0.0 ,0.0 ,0.0 ,0.0 ,0.0 ,0.0 ,

 Key Product: 125
3.546 ,2.9136 ,2.2697 ,1.6141 ,0.947 ,0.2683 ,0.0 ,0.0 ,0.0 ,0.0 ,0.0 ,0.0 ,0.0 ,0.0 ,0.0 ,0.0 ,0.0 ,0.0 ,0.0 ,0.0 ,0.0 ,0.0 ,0.0 ,0.0 ,0.0 ,0.0 ,0.0 ,

 Key Product: 129
31.3004 ,31.7831 ,32.269 ,32.7578 ,33.2498 ,33.7448 ,34.2429 ,34.744 ,35.2483 ,35.7555 ,36.2659 ,36.7793 ,37.2958 ,37.8154 ,38.338 ,38.8637 ,39.3925 ,39.9243 ,40.4592 ,40.9971 ,41.5382 ,42.0823 ,42.6294 ,43.1797 ,43.733 ,44.2894 ,44.8488 ,

 Key Product: 136
0.0 ,0.0 ,0.0 ,0.0 ,0.0 ,0.0 ,0.0 ,0.0 ,0.0 ,0.0 ,0.0 ,0.0 ,0.0 ,0.0 ,0.0 ,0.0 ,0.0 ,0.0 ,0.0 ,0.0 ,0.0 ,0.0 ,0.0 ,0.0 ,0.0 ,0.0 ,0.0 ,

 Key Product: 138
7.1697 ,6.6549 ,6.1297 ,5.5943 ,5.0486 ,4.4926 ,3.9263 ,3.3497 ,2.7628 ,2.1656 ,1.5581 ,0.9403 ,0.3122 ,0.0 ,0.0 ,0.0 ,0.0 ,0.0 ,0.0 ,0.0 ,0.0 ,0.0 ,0.0 ,0.0 ,0.0 ,0.0 ,0.0 ,

 Key Product: 139
12.1664 ,12.29 ,12.4164 ,12.5455 ,12.6774 ,12.8119 ,12.9492 ,13.0892 ,13.2319 ,13.3774 ,13.5256 ,13.6765 ,13.8301 ,13.9865 ,14.1456 ,14.3074 ,14.472 ,14.6392 ,14.8092 ,14.982 ,15.1574 ,15.3356 ,15.5165 ,15.7001 ,15.8865 ,16.0756 ,16.2674 ,

 Key Product: 150
21.772 ,21.8656 ,21.9569 ,22.046 ,22.133 ,22.2177 ,22.3002 ,22.3805 ,22.4586 ,22.5345 ,22.6082 ,22.6797 ,22.749 ,22.8161 ,22.8809 ,22.9436 ,23.0041 ,23.0623 ,23.1184 ,23.1722 ,23.2238 ,23.2733 ,23.3205 ,23.3655 ,23.4083 ,23.4489 ,23.4873 ,

 Key Product: 153
10.195 ,10.1035 ,10.0102 ,9.9149 ,9.8177 ,9.7186 ,9.6176 ,9.5147 ,9.4098 ,9.3031 ,9.1944 ,9.0838 ,8.9713 ,8.8569 ,8.7406 ,8.6224 ,8.5023 ,8.3802 ,8.2563 ,8.1304 ,8.0026 ,7.8729 ,7.7413 ,7.6078 ,7.4724 ,7.335 ,7.1958 ,

 Key Product: 156
0.0 ,0.0 ,0.0 ,0.0 ,0.0 ,0.0 ,0.0 ,0.0 ,0.0 ,0.0 ,0.0 ,0.0 ,0.0 ,0.0 ,0.0 ,0.0 ,0.0 ,0.0 ,0.0 ,0.0 ,0.0 ,0.0 ,0.0 ,0.0 ,0.0 ,0.0 ,0.0 ,

 Key Product: 158
23.7212 ,23.8941 ,24.0655 ,24.2355 ,24.404 ,24.571 ,24.7366 ,24.9006 ,25.0632 ,25.2244 ,25.384 ,25.5422 ,25.6989 ,25.8542 ,26.0079 ,26.1602 ,26.3111 ,26.4604 ,26.6083 ,26.7547 ,26.8996 ,27.0431 ,27.1851 ,27.3256 ,27.4646 ,27.6022 ,27.7383 ,

 Key Product: 163
0.0 ,0.0 ,0.0 ,0.0 ,0.0 ,0.0 ,0.0 ,0.0 ,0.0 ,0.0 ,0.0 ,0.0 ,0.0 ,0.0 ,0.0 ,0.0 ,0.0 ,0.0 ,0.0 ,0.0 ,0.0 ,0.0 ,0.0 ,0.0 ,0.0 ,0.0 ,0.0 ,

 Key Product: 167
9.3872 ,9.1458 ,8.899 ,8.6469 ,8.3894 ,8.1267 ,7.8586 ,7.5853 ,7.3066 ,7.0226 ,6.7333 ,6.4387 ,6.1387 ,5.8335 ,5.5229 ,5.207 ,4.8858 ,4.5593 ,4.2275 ,3.8904 ,3.5479 ,3.2001 ,2.8471 ,2.4887 ,2.1249 ,1.7559 ,1.3816 ,

 Key Product: 170
9.1002 ,8.5658 ,8.019 ,7.4596 ,6.8878 ,6.3034 ,5.7065 ,5.0972 ,4.4753 ,3.8409 ,3.1941 ,2.5347 ,1.8628 ,1.1784 ,0.4816 ,0.0 ,0.0 ,0.0 ,0.0 ,0.0 ,0.0 ,0.0 ,0.0 ,0.0 ,0.0 ,0.0 ,0.0 ,

 Key Product: 181
3.3354 ,2.9044 ,2.4657 ,2.0195 ,1.5657 ,1.1043 ,0.6353 ,0.1587 ,0.0 ,0.0 ,0.0 ,0.0 ,0.0 ,0.0 ,0.0 ,0.0 ,0.0 ,0.0 ,0.0 ,0.0 ,0.0 ,0.0 ,0.0 ,0.0 ,0.0 ,0.0 ,0.0 ,

 Key Product: 196
2.3119 ,1.8207 ,1.3204 ,0.8109 ,0.2922 ,0.0 ,0.0 ,0.0 ,0.0 ,0.0 ,0.0 ,0.0 ,0.0 ,0.0 ,0.0 ,0.0 ,0.0 ,0.0 ,0.0 ,0.0 ,0.0 ,0.0 ,0.0 ,0.0 ,0.0 ,0.0 ,0.0 ,

 Key Product: 216
20.7613 ,20.9751 ,21.1889 ,21.4026 ,21.6163 ,21.8299 ,22.0435 ,22.2571 ,22.4707 ,22.6842 ,22.8977 ,23.1111 ,23.3245 ,23.5379 ,23.7513 ,23.9646 ,24.1778 ,24.3911 ,24.6043 ,24.8174 ,25.0306 ,25.2437 ,25.4567 ,25.6698 ,25.8828 ,26.0957 ,26.3086 ,

 Key Product: 223
3.0056 ,2.8942 ,2.7828 ,2.6716 ,2.5603 ,2.4492 ,2.3381 ,2.227 ,2.1161 ,2.0052 ,1.8943 ,1.7835 ,1.6728 ,1.5621 ,1.4515 ,1.3409 ,1.2304 ,1.12 ,1.0096 ,0.8993 ,0.789 ,0.6788 ,0.5687 ,0.4586 ,0.3486 ,0.2386 ,0.1287 ,

 Key Product: 235
13.4695 ,13.4251 ,13.3772 ,13.326 ,13.2712 ,13.2131 ,13.1515 ,13.0864 ,13.0179 ,12.946 ,12.8706 ,12.7918 ,12.7095 ,12.6238 ,12.5347 ,12.4421 ,12.346 ,12.2466 ,12.1437 ,12.0373 ,11.9275 ,11.8142 ,11.6976 ,11.5774 ,11.4538 ,11.3268 ,11.1964 ,

 Key Product: 237
9.3207 ,9.1804 ,9.0361 ,8.8879 ,8.7358 ,8.5798 ,8.4198 ,8.2559 ,8.0881 ,7.9163 ,7.7406 ,7.561 ,7.3775 ,7.19 ,6.9986 ,6.8033 ,6.604 ,6.4009 ,6.1937 ,5.9827 ,5.7677 ,5.5489 ,5.326 ,5.0993 ,4.8686 ,4.634 ,4.3955 ,

 Key Product: 238
13.4536 ,13.4494 ,13.4429 ,13.4342 ,13.4231 ,13.4098 ,13.3942 ,13.3763 ,13.3562 ,13.3337 ,13.309 ,13.282 ,13.2527 ,13.2211 ,13.1872 ,13.151 ,13.1126 ,13.0719 ,13.0289 ,12.9836 ,12.936 ,12.8862 ,12.834 ,12.7796 ,12.7229 ,12.6639 ,12.6026 ,

 Key Product: 263
0.0 ,0.0 ,0.0 ,0.0 ,0.0 ,0.0 ,0.0 ,0.0 ,0.0 ,0.0 ,0.0 ,0.0 ,0.0 ,0.0 ,0.0 ,0.0 ,0.0 ,0.0 ,0.0 ,0.0 ,0.0 ,0.0 ,0.0 ,0.0 ,0.0 ,0.0 ,0.0 ,

 Key Product: 274
11.443 ,11.3011 ,11.154 ,11.0017 ,10.8443 ,10.6817 ,10.514 ,10.3411 ,10.163 ,9.9798 ,9.7914 ,9.5978 ,9.3991 ,9.1952 ,8.9862 ,8.772 ,8.5526 ,8.3281 ,8.0984 ,7.8635 ,7.6235 ,7.3783 ,7.1279 ,6.8724 ,6.6117 ,6.3459 ,6.0749 ,

 Key Product: 276
3.1751 ,2.9308 ,2.6825 ,2.4303 ,2.1741 ,1.9141 ,1.6501 ,1.3823 ,1.1105 ,0.8348 ,0.5551 ,0.2716 ,0.0 ,0.0 ,0.0 ,0.0 ,0.0 ,0.0 ,0.0 ,0.0 ,0.0 ,0.0 ,0.0 ,0.0 ,0.0 ,0.0 ,0.0 ,

 Key Product: 278
0.0 ,0.0 ,0.0 ,0.0 ,0.0 ,0.0 ,0.0 ,0.0 ,0.0 ,0.0 ,0.0 ,0.0 ,0.0 ,0.0 ,0.0 ,0.0 ,0.0 ,0.0 ,0.0 ,0.0 ,0.0 ,0.0 ,0.0 ,0.0 ,0.0 ,0.0 ,0.0 ,

 Key Product: 290
1.9101 ,1.6991 ,1.4854 ,1.269 ,1.05 ,0.8282 ,0.6037 ,0.3766 ,0.1467 ,0.0 ,0.0 ,0.0 ,0.0 ,0.0 ,0.0 ,0.0 ,0.0 ,0.0 ,0.0 ,0.0 ,0.0 ,0.0 ,0.0 ,0.0 ,0.0 ,0.0 ,0.0 ,

 Key Product: 296
12.6621 ,12.7416 ,12.8202 ,12.898 ,12.975 ,13.0512 ,13.1266 ,13.2013 ,13.2751 ,13.3481 ,13.4203 ,13.4918 ,13.5624 ,13.6322 ,13.7012 ,13.7695 ,13.8369 ,13.9035 ,13.9694 ,14.0344 ,14.0986 ,14.162 ,14.2247 ,14.2865 ,14.3476 ,14.4078 ,14.4672 ,

 Key Product: 307
4.915 ,4.6543 ,4.3879 ,4.1159 ,3.8383 ,3.5551 ,3.2663 ,2.972 ,2.672 ,2.3664 ,2.0552 ,1.7384 ,1.416 ,1.088 ,0.7544 ,0.4152 ,0.0704 ,0.0 ,0.0 ,0.0 ,0.0 ,0.0 ,0.0 ,0.0 ,0.0 ,0.0 ,0.0 ,

 Key Product: 330
0.1526 ,0.0 ,0.0 ,0.0 ,0.0 ,0.0 ,0.0 ,0.0 ,0.0 ,0.0 ,0.0 ,0.0 ,0.0 ,0.0 ,0.0 ,0.0 ,0.0 ,0.0 ,0.0 ,0.0 ,0.0 ,0.0 ,0.0 ,0.0 ,0.0 ,0.0 ,0.0 ,

 Key Product: 333
5.4034 ,5.202 ,4.9963 ,4.7861 ,4.5716 ,4.3527 ,4.1294 ,3.9017 ,3.6696 ,3.433 ,3.1922 ,2.9469 ,2.6972 ,2.4431 ,2.1846 ,1.9217 ,1.6545 ,1.3828 ,1.1068 ,0.8263 ,0.5415 ,0.2522 ,0.0 ,0.0 ,0.0 ,0.0 ,0.0 ,

 Key Product: 338
11.2931 ,11.2945 ,11.2938 ,11.291 ,11.2861 ,11.2789 ,11.2697 ,11.2583 ,11.2448 ,11.2291 ,11.2113 ,11.1913 ,11.1692 ,11.145 ,11.1186 ,11.09 ,11.0594 ,11.0265 ,10.9916 ,10.9545 ,10.9152 ,10.8738 ,10.8303 ,10.7846 ,10.7368 ,10.6869 ,10.6348 ,

 Key Product: 341
5.4331 ,5.1923 ,4.946 ,4.6942 ,4.4369 ,4.1742 ,3.906 ,3.6323 ,3.3531 ,3.0685 ,2.7784 ,2.4828 ,2.1818 ,1.8752 ,1.5632 ,1.2458 ,0.9228 ,0.5944 ,0.2605 ,0.0 ,0.0 ,0.0 ,0.0 ,0.0 ,0.0 ,0.0 ,0.0 ,

 Key Product: 343
4.5381 ,4.3298 ,4.117 ,3.8998 ,3.678 ,3.4518 ,3.221 ,2.9858 ,2.7461 ,2.5019 ,2.2532 ,2.0 ,1.7423 ,1.4801 ,1.2135 ,0.9423 ,0.6667 ,0.3865 ,0.1019 ,0.0 ,0.0 ,0.0 ,0.0 ,0.0 ,0.0 ,0.0 ,0.0 ,

 Key Product: 361
7.6105 ,7.538 ,7.463 ,7.3855 ,7.3054 ,7.2228 ,7.1377 ,7.05 ,6.9598 ,6.8671 ,6.7718 ,6.674 ,6.5737 ,6.4708 ,6.3654 ,6.2575 ,6.147 ,6.034 ,5.9185 ,5.8004 ,5.6798 ,5.5567 ,5.431 ,5.3028 ,5.1721 ,5.0388 ,4.903 ,

 Key Product: 372
2.1824 ,1.8118 ,1.4337 ,1.048 ,0.6549 ,0.2542 ,0.0 ,0.0 ,0.0 ,0.0 ,0.0 ,0.0 ,0.0 ,0.0 ,0.0 ,0.0 ,0.0 ,0.0 ,0.0 ,0.0 ,0.0 ,0.0 ,0.0 ,0.0 ,0.0 ,0.0 ,0.0 ,

 Key Product: 378
12.1653 ,12.1953 ,12.2234 ,12.2496 ,12.274 ,12.2966 ,12.3173 ,12.3362 ,12.3533 ,12.3685 ,12.3819 ,12.3934 ,12.4031 ,12.4109 ,12.417 ,12.4211 ,12.4235 ,12.424 ,12.4226 ,12.4194 ,12.4144 ,12.4075 ,12.3988 ,12.3883 ,12.3759 ,12.3617 ,12.3456 ,

 Key Product: 384
3.9884 ,3.7882 ,3.5837 ,3.3751 ,3.1624 ,2.9455 ,2.7245 ,2.4993 ,2.27 ,2.0365 ,1.7988 ,1.557 ,1.3111 ,1.061 ,0.8067 ,0.5483 ,0.2857 ,0.019 ,0.0 ,0.0 ,0.0 ,0.0 ,0.0 ,0.0 ,0.0 ,0.0 ,0.0 ,

 Key Product: 415
1.3507 ,1.1183 ,0.8819 ,0.6415 ,0.3972 ,0.149 ,0.0 ,0.0 ,0.0 ,0.0 ,0.0 ,0.0 ,0.0 ,0.0 ,0.0 ,0.0 ,0.0 ,0.0 ,0.0 ,0.0 ,0.0 ,0.0 ,0.0 ,0.0 ,0.0 ,0.0 ,0.0 ,

 Key Product: 430
5.4327 ,5.418 ,5.4028 ,5.3872 ,5.3711 ,5.3545 ,5.3375 ,5.3201 ,5.3021 ,5.2838 ,5.265 ,5.2457 ,5.2259 ,5.2058 ,5.1851 ,5.164 ,5.1425 ,5.1205 ,5.098 ,5.0751 ,5.0517 ,5.0279 ,5.0036 ,4.9789 ,4.9537 ,4.928 ,4.9019 ,

 Key Product: 431
3.9606 ,3.8246 ,3.6859 ,3.5444 ,3.4003 ,3.2534 ,3.1039 ,2.9516 ,2.7966 ,2.639 ,2.4786 ,2.3155 ,2.1497 ,1.9811 ,1.8099 ,1.636 ,1.4593 ,1.28 ,1.0979 ,0.9131 ,0.7257 ,0.5355 ,0.3426 ,0.147 ,0.0 ,0.0 ,0.0 ,

 Key Product: 442
8.4689 ,8.4271 ,8.383 ,8.3363 ,8.2872 ,8.2357 ,8.1817 ,8.1253 ,8.0664 ,8.0051 ,7.9413 ,7.8751 ,7.8064 ,7.7352 ,7.6617 ,7.5856 ,7.5072 ,7.4262 ,7.3429 ,7.257 ,7.1688 ,7.078 ,6.9849 ,6.8892 ,6.7912 ,6.6907 ,6.5877 ,

 Key Product: 455
0.0 ,0.0 ,0.0 ,0.0 ,0.0 ,0.0 ,0.0 ,0.0 ,0.0 ,0.0 ,0.0 ,0.0 ,0.0 ,0.0 ,0.0 ,0.0 ,0.0 ,0.0 ,0.0 ,0.0 ,0.0 ,0.0 ,0.0 ,0.0 ,0.0 ,0.0 ,0.0 ,

 Key Product: 475
2.4966 ,2.2389 ,1.9756 ,1.707 ,1.4329 ,1.1533 ,0.8683 ,0.5778 ,0.2819 ,0.0 ,0.0 ,0.0 ,0.0 ,0.0 ,0.0 ,0.0 ,0.0 ,0.0 ,0.0 ,0.0 ,0.0 ,0.0 ,0.0 ,0.0 ,0.0 ,0.0 ,0.0 ,

 Key Product: 486
11.0831 ,11.2518 ,11.4216 ,11.5927 ,11.765 ,11.9385 ,12.1132 ,12.2891 ,12.4662 ,12.6445 ,12.8241 ,13.0048 ,13.1868 ,13.3699 ,13.5543 ,13.7399 ,13.9267 ,14.1146 ,14.3038 ,14.4943 ,14.6859 ,14.8787 ,15.0727 ,15.268 ,15.4644 ,15.6621 ,15.8609 ,

 Key Product: 499
0.5499 ,0.3955 ,0.2392 ,0.0811 ,0.0 ,0.0 ,0.0 ,0.0 ,0.0 ,0.0 ,0.0 ,0.0 ,0.0 ,0.0 ,0.0 ,0.0 ,0.0 ,0.0 ,0.0 ,0.0 ,0.0 ,0.0 ,0.0 ,0.0 ,0.0 ,0.0 ,0.0 ,

 Key Product: 506
2.7265 ,2.6059 ,2.4832 ,2.3585 ,2.2317 ,2.1028 ,1.9718 ,1.8388 ,1.7037 ,1.5666 ,1.4274 ,1.2861 ,1.1428 ,0.9974 ,0.8499 ,0.7004 ,0.5488 ,0.3951 ,0.2394 ,0.0816 ,0.0 ,0.0 ,0.0 ,0.0 ,0.0 ,0.0 ,0.0 ,

 Key Product: 511
1.0445 ,0.8848 ,0.7228 ,0.5585 ,0.39